24
50 100 -1050
100 100 -1000
100 100 -1100
200 100 -1000
250 100 -1050
200 100 -1100
120 80 -1000
120 80 -1100
180 80 -1000
180 80 -1100
120 50 -1050
180 50 -1050
145 100 -1045
145 100 -1055
155 100 -1045
155 100 -1055
145 150 -1045
145 150 -1055
155 150 -1045
155 150 -1055
155 130 -1045
155 130 -1055
172 140 -1045
172 140 -1055

42
0 1
1 2
2 0
1 3
3 4
4 5
5 2
3 5
1 6
2 7
3 8
5 9
6 7
8 9
6 8
7 9
6 10
7 10
8 11
9 11
10 11
4 14
4 15
14 12
12 13
13 15
15 14
14 18
12 16
13 17
15 19
18 16
16 17
17 19
19 18
19 23
18 22
22 23
20 22
21 23
0 10
4 11
500
